

  // INN_InitDataCard KO - Donnees carte incoherentes

  // INN_InitDataCard OK - Creation de la carte image


  // Serial Card Number : 3241398953 ( 0xc133d2a9 )
  // Type - SubType  : 02 - ff



{
   "AnswerSelectApplication": "6f 2a 84 10 a0 00 00 04 04 01 25 09 01 01 00 00 00 00 00 00 a5 16 bf 0c 13 c7 08 00 00 00 00 c1 33 d2 a9 53 07 0a 3c 11 42 14 10 01 ",
   "AnswerSelectFileRT": "85 17 00 01 00 00 00 12 12 00 00 01 03 01 01 00 7e 7e 7e 00 00 00 00 00 00 ",

   "recordFiles": [
   {
      "SFI": "07",
      "recordData": [
      {
         "record": "26 b9 28 48 08 05 ab 4b 98 e4 10 01 20 80 00 00 00 00 00 00 00 00 00 00 00 00 00 00 00 "
      }
    ]
   },
   {
      "SFI": "08",
      "recordData": [
      {
         "record": "11 1d 68 50 00 68 a1 88 18 10 80 88 10 00 20 00 00 00 00 00 00 00 00 00 00 00 00 00 00 "
      },
      {
         "record": "11 1d 68 50 00 68 a1 88 18 10 80 88 10 00 20 00 00 00 00 00 00 00 00 00 00 00 00 00 00 "
      },
      {
         "record": "11 1d 68 50 00 68 a1 88 18 10 80 88 10 00 20 00 00 00 00 00 00 00 00 00 00 00 00 00 00 "
      }
    ]
   },
   {
      "SFI": "1e",
      "recordData": [
      {
         "record": "00 00 00 00 00 00 00 00 00 00 00 00 00 00 00 00 00 00 00 00 00 00 00 00 00 00 00 00 00 "
      }
    ]
   },
   {
      "SFI": "09",
      "recordData": [
      {
         "record": "5a 50 60 05 00 00 60 01 7c 81 82 ca c0 07 60 b3 01 fe 00 01 00 6f 00 00 00 00 00 00 00 "
      },
      {
         "record": "5a 50 60 00 00 10 60 11 d0 45 82 3e 09 51 fd 82 44 07 f8 04 04 01 c0 00 00 00 00 00 00 "
      },
      {
         "record": "00 00 00 00 00 00 00 00 00 00 00 00 00 00 00 00 00 00 00 00 00 00 00 00 00 00 00 00 00 "
      },
      {
         "record": "00 00 00 00 00 00 00 00 00 00 00 00 00 00 00 00 00 00 00 00 00 00 00 00 00 00 00 00 00 "
      }
    ]
   },
   {
      "SFI": "06",
      "recordData": [
      {
         "record": "00 00 00 00 00 00 00 00 00 00 00 00 00 00 00 00 00 00 00 00 00 00 00 00 00 00 00 00 00 "
      },
      {
         "record": "00 00 00 00 00 00 00 00 00 00 00 00 00 00 00 00 00 00 00 00 00 00 00 00 00 00 00 00 00 "
      },
      {
         "record": "00 00 00 00 00 00 00 00 00 00 00 00 00 00 00 00 00 00 00 00 00 00 00 00 00 00 00 00 00 "
      },
      {
         "record": "00 00 00 00 00 00 00 00 00 00 00 00 00 00 00 00 00 00 00 00 00 00 00 00 00 00 00 00 00 "
      }
    ]
   },
   {
      "SFI": "19",
      "recordData": [
      {
         "record": "04 00 00 00 00 00 00 00 00 00 00 00 00 00 00 00 00 00 00 00 00 00 00 00 00 00 00 00 00 "
      }
    ]
   },
   {
      "SFI": "0a",
      "recordData": [
      {
         "record": "04 00 00 00 00 00 00 00 00 00 00 ff ff ff 00 00 00 00 00 00 00 00 00 00 00 00 00 00 00 "
      }
    ]
   },
   {
      "SFI": "0b",
      "recordData": [
      {
         "record": "00 00 00 00 00 00 00 00 00 00 00 ff ff ff 00 00 00 00 00 00 00 00 00 00 00 00 00 00 00 "
      }
    ]
   },
   {
      "SFI": "0c",
      "recordData": [
      {
         "record": "00 00 00 00 00 00 00 00 00 00 00 ff ff ff 00 00 00 00 00 00 00 00 00 00 00 00 00 00 00 "
      }
    ]
   },
   {
      "SFI": "0d",
      "recordData": [
      {
         "record": "00 00 00 00 00 00 00 00 00 00 00 ff ff ff 00 00 00 00 00 00 00 00 00 00 00 00 00 00 00 "
      }
    ]
   },
   {
      "SFI": "1d",
      "recordData": [
      {
         "record": "00 00 00 40 00 00 c0 00 00 00 00 00 00 00 00 00 00 00 00 00 00 00 00 00 00 00 00 00 00 "
      },
      {
         "record": "00 00 00 40 00 00 c0 00 00 00 00 00 00 00 00 00 00 00 00 00 00 00 00 00 00 00 00 00 00 "
      },
      {
         "record": "00 00 00 40 00 00 c0 00 00 00 00 00 00 00 00 00 00 00 00 00 00 00 00 00 00 00 00 00 00 "
      }
    ]
   }
 ]
}



