

  // LECTEUR CSC420


  // Date : 09/09/19 16:36:09


 
  // Serial Card Number : 3241398977 ( 0xc133d2c1 )
  // Type - SubType  : 02 - ff



{
   "AnswerSelectApplication": "6f 2a 84 10 a0 00 00 04 04 01 25 09 01 01 00 00 00 00 00 00 a5 16 bf 0c 13 c7 08 00 00 00 00 c1 33 d2 c1 53 07 0a 3c 11 42 14 10 01 ",
   "AnswerSelectFileRT": "85 17 00 01 00 00 00 12 12 00 00 01 03 01 01 00 7e 7e 7e 00 00 00 00 00 00 ",

   "recordFiles": [
   {
      "SFI": "07",
      "recordData": [
      {
         "record": "26 b9 28 48 08 05 e2 8f 6b a4 10 01 24 48 00 00 00 00 00 00 00 00 00 00 00 00 00 00 00 "
      }
    ]
   },
   {
      "SFI": "08",
      "recordData": [
      {
         "record": "11 1d 68 50 00 68 a1 88 18 10 80 88 10 00 20 00 00 00 00 00 00 00 00 00 00 00 00 00 00 "
      },
      {
         "record": "11 1d 68 50 00 68 a1 88 18 10 80 88 10 00 20 00 00 00 00 00 00 00 00 00 00 00 00 00 00 "
      },
      {
         "record": "11 1d 68 50 00 68 a1 88 18 10 80 88 10 00 20 00 00 00 00 00 00 00 00 00 00 00 00 00 00 "
      }
    ]
   },
   {
      "SFI": "1e",
      "recordData": [
      {
         "record": "00 00 00 00 00 00 00 00 00 00 00 00 00 00 00 00 00 00 00 00 00 00 00 00 00 00 00 00 00 "
      }
    ]
   },
   {
      "SFI": "09",
      "recordData": [
      {
         "record": "5a 50 60 00 00 30 60 05 dc 45 81 7a 05 e0 3d 81 78 07 f8 00 04 01 b8 00 00 00 00 00 00 "
      },
      {
         "record": "5a 50 60 00 00 30 60 05 dc 45 81 86 06 10 3d 81 78 07 f8 08 04 01 c4 00 00 00 00 00 00 "
      },
      {
         "record": "5a 50 60 00 00 10 60 11 d0 45 81 7a 06 41 fd 81 78 07 f8 0c 04 01 b8 00 00 00 00 00 00 "
      },
      {
         "record": "5a 50 60 00 00 11 66 10 9a 45 80 2a 01 01 fd 80 30 0e 9e 34 04 01 c8 00 80 80 40 00 00 "
      }
    ]
   },
   {
      "SFI": "06",
      "recordData": [
      {
         "record": "00 00 00 00 00 00 00 00 00 00 00 00 00 00 00 00 00 00 00 00 00 00 00 00 00 00 00 00 00 "
      },
      {
         "record": "00 00 00 00 00 00 00 00 00 00 00 00 00 00 00 00 00 00 00 00 00 00 00 00 00 00 00 00 00 "
      },
      {
         "record": "00 00 00 00 00 00 00 00 00 00 00 00 00 00 00 00 00 00 00 00 00 00 00 00 00 00 00 00 00 "
      },
      {
         "record": "00 00 00 00 00 00 00 00 00 00 00 00 00 00 00 00 00 00 00 00 00 00 00 00 00 00 00 00 00 "
      }
    ]
   },
   {
      "SFI": "19",
      "recordData": [
      {
         "record": "28 00 00 28 00 00 04 00 00 78 00 00 00 00 00 00 00 00 00 00 00 00 00 00 00 00 00 00 00 "
      }
    ]
   },
   {
      "SFI": "0a",
      "recordData": [
      {
         "record": "28 00 00 00 00 00 00 00 00 00 00 ff ff ff 00 00 00 00 00 00 00 00 00 00 00 00 00 00 00 "
      }
    ]
   },
   {
      "SFI": "0b",
      "recordData": [
      {
         "record": "28 00 00 00 00 00 00 00 00 00 00 ff ff ff 00 00 00 00 00 00 00 00 00 00 00 00 00 00 00 "
      }
    ]
   },
   {
      "SFI": "0c",
      "recordData": [
      {
         "record": "04 00 00 00 00 00 00 00 00 00 00 ff ff ff 00 00 00 00 00 00 00 00 00 00 00 00 00 00 00 "
      }
    ]
   },
   {
      "SFI": "0d",
      "recordData": [
      {
         "record": "78 00 00 00 00 00 00 00 00 00 00 ff ff ff 00 00 00 00 00 00 00 00 00 00 00 00 00 00 00 "
      }
    ]
   },
   {
      "SFI": "1d",
      "recordData": [
      {
         "record": "00 00 00 40 00 00 c0 00 00 00 00 00 00 00 00 00 00 00 00 00 00 00 00 00 00 00 00 00 00 "
      },
      {
         "record": "00 00 00 40 00 00 c0 00 00 00 00 00 00 00 00 00 00 00 00 00 00 00 00 00 00 00 00 00 00 "
      },
      {
         "record": "00 00 00 40 00 00 c0 00 00 00 00 00 00 00 00 00 00 00 00 00 00 00 00 00 00 00 00 00 00 "
      }
    ]
   }
 ]
}



